image_width: 320
image_height: 240
camera_name: left_camera
camera_matrix:
  rows: 3
  cols: 3
  data: [329.8511619122453, 0, 154.8679062079472, 0, 329.2262229100871, 104.7677362615925, 0, 0, 1]
distortion_model: plumb_bob
distortion_coefficients:
  rows: 1
  cols: 5
  data: [-0.3899459786930596, 0.2160498973471658, 0.0008607194172571226, 0.002380740444818009, 0]
rectification_matrix:
  rows: 3
  cols: 3
  data: [0.9984186692760657, -0.0008147836807342228, 0.05620940284831238, 0.0005118464990230566, 0.9999852693123306, 0.005403625774175075, -0.05621297763125253, -0.00536631026865766, 0.9984043789266595]
projection_matrix:
  rows: 3
  cols: 4
  data: [334.3318357572605, 0, 136.5065479278564, 0, 0, 334.3318357572605, 109.0718336105347, 0, 0, 0, 1, 0]