image_width: 320
image_height: 240
camera_name: right_camera
camera_matrix:
  rows: 3
  cols: 3
  data: [331.9088463344372, 0, 164.580204050114, 0, 331.8890567398082, 114.5218416008951, 0, 0, 1]
distortion_model: plumb_bob
distortion_coefficients:
  rows: 1
  cols: 5
  data: [-0.3937605966437981, 0.2141599929274279, 0.0009521660822457877, -0.001735865220990774, 0]
rectification_matrix:
  rows: 3
  cols: 3
  data: [0.9975595711051508, 0.003451784340062645, 0.06973512229413099, -0.003075834835862076, 0.9999801567091325, -0.005497765731764487, -0.06975271562147387, 0.005269855106980169, 0.9975503933589426]
projection_matrix:
  rows: 3
  cols: 4
  data: [334.3318357572605, 0, 136.5065479278564, 27.24400055046575, 0, 334.3318357572605, 109.0718336105347, 0, 0, 0, 1, 0]